HSH
min_ax = -2.226988161450004
max_ax = 1.24921182554999377
min_jx = -5.85055931737207402
max_jx = 6.09508874530884626
max_ay = 1.83560305500000442
max_jy = 6.7630937522872383


HSH_MPC



PSH
min_ax = -1.87811773110000324
max_ax = 2.70221340284999689
min_jx = -7.02641306867444371
max_jx = 6.84018486542656134
max_ay = 2.27706664184999941
max_jy = 7.77800362586843796


PSH_MPC



LJH
min_ax = -1.25790363270000105
max_ax = 1.11291477570000041
min_jx = -5.60524734645036204
max_jx = 5.62935393710521481
max_ay = 1.1978829135000042
max_jy = 6.4927841657914831


LJH_MPC
