[PersonalityExtraction]
ax_min = -1.01368039122149334
ax_max = 1.9126099661344944
ay_max = 1.9842777293984843
jx_min = -2.5885911949685534
jx_max = 2.7714578293823577
jy_max = 2.9039991452991454
value = 45.799064666989196
thw = 2.707947105305596

[PersonalityTimeWindow]
get_data = 1
max_scene_queue_size = 10
scene_size_in_sec = 4.0
ax_mean = 0.716143094207893349
ax_stddev = 0.920950379557170851
ay_mean = 1.80190652351783309
ay_stddev = 0.397661652225276552
jx_mean = 0.404422485673944565
jx_stddev = 1.62103077671852103
jy_mean = 0.490127865253637107
jy_stddev = 0.633578906487730631
