[general]
use_personality = 0
print = 0
visualize = 0
future_select_idx = 2
steering_gain = 1.0

[weights]
s_w = 0.0
d_w = 3000.0
mu_w = 1000.0
speed_w = 0.03
delta_w = 0.0001
accel_w = 0.0001
ddelta_w = 1000.1
jerk_w = 10.000
obj_w = 0
per_w = 10.0

[weights_e]
s_w = 1.00
d_w = 50000.0
mu_w = 1000.0
speed_w = 0.0
delta_w = 0.1
accel_w = 0.0
ddelta_w = 0.1
jerk_w = 0.1
obj_w = 0.0
per_w = 10.0

[constraints]
min_speed = -0.01
max_speed = 20.0
max_delta = 0.52
max_ddelta = 0.7
max_collision_boundary = 3.5
bumper_extra_gap = 3
lane_safety_gap = 1.0
super_ellipse_exponent = 1.0
ay_max = 3.4997774038461547
jy_max = 1.682906009615385
ax_max = 2.3408673076923074
ax_min = -4
jx_max = 3.36654326923077
thw = 1.6951062677749174
jx_min = -3.152625

